AA,Alpha
M,[0.00010149]
K,[0.00037823]
K,[0.00052918]
A,[0.00088736]
L,[0.0013491]
L,[0.00223878]
L,[0.0018659]
T,[0.00216526]
F,[0.00195345]
S,[0.00431566]
L,[0.00345022]
L,[0.00722491]
F,[0.01089566]
W,[0.01334971]
L,[0.00853617]
H,[0.01413651]
A,[0.00124763]
E,[0.00030484]
R,[0.00020753]
N,[0.00095896]
G,[8.084972e-05]
F,[0.00341149]
Y,[4.320991e-05]
L,[0.0025903]
G,[9.581908e-05]
L,[0.0011815]
N,[0.00068357]
F,[0.00252918]
A,[0.00041381]
E,[0.00244862]
G,[0.00036234]
S,[0.00098757]
Y,[0.0013666]
I,[0.00148312]
Q,[0.00103806]
G,[0.00055404]
Q,[0.00124506]
G,[0.00083665]
S,[0.0014256]
I,[0.00225125]
G,[0.00107164]
E,[0.0006648]
K,[0.00085163]
A,[0.00123904]
S,[0.00126131]
A,[8.1130245e-05]
E,[0.00108305]
N,[0.00141969]
A,[0.00013996]
L,[0.00016665]
N,[0.00156792]
Q,[0.00102066]
A,[7.242127e-05]
I,[0.00052331]
N,[0.00167252]
N,[0.00080455]
A,[0.00039653]
K,[0.0021749]
N,[0.0029709]
S,[0.00148721]
L,[0.0051047]
F,[0.00362184]
P,[0.00558342]
T,[0.00409668]
Q,[0.00286306]
N,[0.00026675]
T,[0.00100598]
K,[0.00101355]
A,[8.690376e-05]
I,[0.00061006]
R,[0.0010845]
D,[0.00043536]
A,[4.579827e-05]
Q,[0.00206559]
N,[0.00072244]
A,[0.00012016]
L,[0.00017613]
N,[0.0011303]
A,[0.00063243]
V,[0.00053818]
K,[0.00045407]
D,[0.00178739]
S,[0.00053236]
T,[0.00190766]
K,[0.0020293]
I,[0.00141591]
A,[0.00040412]
N,[0.00124252]
R,[0.00076406]
F,[0.00077707]
A,[0.00091263]
G,[0.00089905]
N,[0.00168496]
G,[0.00244298]
G,[0.00126345]
S,[0.00369335]
G,[0.00694448]
G,[0.0004559]
I,[0.01209955]
F,[0.00054428]
N,[0.01259693]
E,[6.89974e-05]
L,[0.01288498]
S,[8.398416e-05]
L,[0.00224734]
G,[1.5306308e-05]
Y,[0.00019243]
K,[4.513502e-06]
Y,[0.00027484]
F,[2.1667936e-05]
L,[0.00053248]
G,[8.3334926e-05]
K,[0.00010168]
K,[0.00056747]
R,[0.00011546]
I,[0.00226754]
I,[0.00536645]
G,[3.51972e-05]
F,[0.00410712]
R,[5.8228466e-06]
H,[0.00845958]
S,[0.00020552]
L,[0.00766807]
F,[0.00027918]
F,[0.01764013]
G,[0.00034835]
Y,[0.01457951]
Q,[0.00057303]
L,[0.01119013]
G,[0.00106403]
G,[0.00433968]
V,[0.00128648]
G,[0.00231732]
S,[0.00213093]
V,[0.00080993]
P,[0.00363846]
G,[0.0030465]
S,[0.00958263]
G,[0.00310824]
L,[0.01207534]
I,[0.00313523]
A,[0.03630214]
F,[0.00198826]
L,[0.01017614]
P,[0.0029801]
Y,[0.01879111]
G,[0.00109515]
F,[0.01496112]
N,[0.00085134]
T,[0.0231969]
D,[0.00040429]
L,[0.01010202]
L,[0.00043224]
I,[0.01331296]
N,[0.00217628]
W,[0.00563392]
T,[0.00113624]
N,[0.00389789]
D,[0.00100934]
K,[0.00070897]
R,[0.00114775]
A,[0.00095848]
S,[0.00136829]
Q,[0.00142065]
E,[0.00147421]
Y,[0.00164481]
V,[0.00110724]
E,[0.00083221]
R,[0.00128309]
R,[0.00276064]
V,[0.00053541]
K,[0.00167286]
G,[0.00128827]
L,[0.00132211]
S,[0.00134938]
I,[0.00311059]
F,[0.00284867]
Y,[0.00241917]
K,[0.00103092]
D,[0.0060016]
M,[0.00160323]
T,[0.00060526]
G,[0.00037087]
R,[0.00099885]
T,[0.00047941]
L,[0.00072359]
D,[0.00072805]
A,[0.00024329]
D,[0.00118175]
T,[0.00094066]
L,[0.00079449]
K,[0.00040669]
R,[0.00143595]
A,[0.00125393]
S,[0.00128299]
R,[0.00096542]
H,[0.00318765]
I,[0.00179965]
I,[0.00365788]
R,[0.00122051]
K,[0.00433521]
S,[0.00115615]
S,[0.01798527]
G,[0.00041795]
L,[0.01242607]
V,[0.0001894]
I,[0.02430235]
G,[0.00063755]
M,[0.01280229]
D,[0.00382342]
I,[0.01761964]
G,[0.00136795]
A,[0.00480414]
S,[0.00125869]
T,[0.00420431]
W,[0.00428282]
F,[0.00525549]
A,[0.00200637]
S,[0.00288495]
N,[0.00281044]
N,[0.00323635]
L,[0.00060367]
T,[0.00054274]
P,[0.00125574]
F,[0.00074339]
N,[0.00158973]
Q,[0.00121298]
V,[0.00099164]
K,[0.00288327]
S,[0.00839772]
R,[0.00446085]
T,[0.01819876]
I,[0.00212922]
F,[0.02015431]
Q,[0.00056832]
L,[0.04041228]
Q,[0.00136012]
G,[0.06153061]
K,[0.00036066]
F,[0.00924988]
G,[6.9428446e-05]
V,[0.00421703]
R,[6.04767e-05]
W,[0.00774928]
S,[0.00057245]
S,[0.00210279]
D,[0.00149145]
E,[0.00059407]
Y,[0.00097047]
D,[0.00049121]
I,[0.00138561]
D,[0.00087189]
R,[0.00086444]
Y,[0.00124523]
G,[0.00046189]
D,[0.00073035]
E,[0.0004639]
N,[0.00115817]
Y,[0.00173649]
L,[0.00202672]
G,[0.00284869]
G,[0.0004405]
S,[0.00433398]
S,[0.00065708]
V,[0.00559745]
E,[2.7093058e-05]
L,[0.00079251]
G,[6.737612e-05]
V,[0.000197]
K,[5.2964875e-05]
V,[0.00037261]
P,[0.00010479]
A,[0.00205346]
F,[0.00458745]
K,[0.00321716]
V,[0.00163396]
N,[0.00397553]
Y,[0.00333372]
Y,[0.0015187]
S,[0.00264332]
D,[0.00179184]
D,[0.00125256]
Y,[0.00233747]
G,[0.00056049]
D,[0.00066208]
K,[0.00055074]
L,[0.00027494]
D,[0.00202103]
Y,[0.00076828]
K,[0.00093146]
R,[0.00031116]
V,[0.00165514]
V,[0.00909832]
S,[0.00166455]
V,[0.02447053]
Y,[0.00040275]
L,[0.00429602]
N,[0.00030005]
Y,[0.00578992]
T,[0.00052852]
Y,[0.0068309]
N,[0.00162783]
F,[0.00058346]
K,[0.0024737]
N,[0.00212568]
K,[0.00101249]
H,[0.00058805]
